#0 = vazio
#1 = bloco indestrutivel
#2 = bloco destrutivel
#3 = bomberman
#4 = inimigo

mapa_de_colisao: .half 
    1,1,1,1,1,1,1,1,1,1,1,1,1,1,1,1,1,1,1, 
    1,1,1,1,1,1,1,1,1,1,1,1,1,1,1,1,1,1,1, 
    1,1,1,1,1,1,1,1,1,1,1,1,1,1,1,1,1,1,1, 
    1,0,0,0,0,0,0,0,0,0,0,0,0,0,0,0,0,0,1, 
    1,0,0,0,0,0,0,0,0,0,0,0,0,0,0,0,0,0,1, 
    1,0,0,0,0,0,0,0,0,0,0,0,0,0,0,0,0,0,1, 
    1,0,0,0,0,0,0,0,0,0,0,0,0,0,0,0,0,0,1, 
    1,0,0,0,0,0,0,0,0,0,0,0,0,0,0,0,0,0,1, 
    1,0,0,0,0,0,0,0,0,0,0,0,0,0,0,0,0,0,1, 
    1,0,0,0,0,0,0,0,0,0,0,0,0,0,0,0,0,0,1, 
    1,0,0,0,0,0,0,0,0,0,0,0,0,0,0,0,0,0,1, 
    1,0,0,0,0,0,0,0,0,0,0,0,0,0,0,0,0,0,1, 
    1,0,0,0,0,0,0,0,0,0,0,0,0,0,0,0,0,0,1, 
    1,0,0,0,0,0,0,0,0,0,0,0,0,0,0,0,0,0,1, 
    1,1,1,1,1,1,1,1,1,1,1,1,1,1,1,1,1,1,1