chao_do_mapa: .word 16, 16
.byte 
173,173,173,173,173,173,173,173,173,173,173,173,173,173,173,173,
173,173,173,173,173,173,173,173,173,173,173,173,173,173,173,173,
173,173,173,173,173,173,173,173,173,173,173,173,173,173,173,173,
173,173,173,173,173,173,173,173,173,173,173,173,173,173,173,173,
173,173,173,173,173,173,173,173,173,173,173,173,173,173,173,173,
173,173,173,173,173,173,173,173,173,173,173,173,173,173,173,173,
173,173,173,173,173,173,173,173,173,173,173,173,173,173,173,173,
173,173,173,173,173,173,173,173,173,173,173,173,173,173,173,173,
173,173,173,173,173,173,173,173,173,173,173,173,173,173,173,173,
173,173,173,173,173,173,173,173,173,173,173,173,173,173,173,173,
173,173,173,173,173,173,173,173,173,173,173,173,173,173,173,173,
173,173,173,173,173,173,173,173,173,173,173,173,173,173,173,173,
173,173,173,173,173,173,173,173,173,173,173,173,173,173,173,173,
173,173,173,173,173,173,173,173,173,173,173,173,173,173,173,173,
173,173,173,173,173,173,173,173,173,173,173,173,173,173,173,173,
173,173,173,173,173,173,173,173,173,173,173,173,173,173,173,173,